image: my_map.pgm
resolution: 0.050000
origin: [-3.107489, -9.949552, 0.000000]
negate: 0
occupied_thresh: 0.65
free_thresh: 0.196

